image: Austin_obs_map.png
resolution: 0.05392667
origin: [-14.171817991062799, -47.20266151727016, 0.000000]
negate: 0
occupied_thresh: 0.45
free_thresh: 0.196
